59,65,,33,1,2013,10
74,65,,62,1,2013,10
75,65,,46,1,2013,10
75,65,,47,1,2013,10
59,65,,34,1,2013,10
59,65,,35,1,2013,10
59,65,,36,1,2013,10
59,65,,37,1,2013,10
75,65,,48,1,2013,10
75,65,,49,1,2013,10
59,65,,38,1,2013,10
75,65,,50,1,2013,10
75,65,,51,1,2013,10
75,65,,52,1,2013,10
75,65,,53,1,2013,10
59,65,,39,1,2013,10
59,65,,40,1,2013,10
59,65,,41,1,2013,10
59,65,,42,1,2013,10
59,65,,43,1,2013,10
59,65,,44,1,2013,10
59,65,,45,1,2013,10
75,65,,54,1,2013,10
75,65,,55,1,2013,10
75,65,,56,1,2013,10
67,65,,,1,2013,10
75,65,,58,1,2013,10
77,65,,59,1,2013,10
76,65,,61,1,2013,10
76,65,,60,1,2013,10
59,65,,31,1,2013,10
59,65,,32,2,2013,20
59,65,,33,2,2013,20
74,65,,62,2,2013,20
75,65,,46,2,2013,20
75,65,,47,2,2013,20
59,65,,34,2,2013,20
59,65,,35,2,2013,20
59,65,,36,2,2013,20
59,65,,37,2,2013,20
75,65,,48,2,2013,20
75,65,,49,2,2013,20
59,65,,38,2,2013,20
75,65,,50,2,2013,20
75,65,,51,2,2013,20
75,65,,52,2,2013,20
75,65,,53,2,2013,20
59,65,,39,2,2013,20
59,65,,40,2,2013,20
59,65,,41,2,2013,20
59,65,,42,2,2013,20
59,65,,43,2,2013,20
59,65,,44,2,2013,20
59,65,,45,2,2013,20
75,65,,54,2,2013,20
75,65,,55,2,2013,20
75,65,,56,2,2013,20
67,65,,,2,2013,20
75,65,,58,2,2013,20
77,65,,59,2,2013,20
76,65,,61,2,2013,20
76,65,,60,2,2013,20
59,65,,31,2,2013,20
59,65,,32,3,2013,30
59,65,,33,3,2013,30
74,65,,62,3,2013,30
75,65,,46,3,2013,30
75,65,,47,3,2013,30
59,65,,34,3,2013,30
59,65,,35,3,2013,30
59,65,,36,3,2013,30
59,65,,37,3,2013,30
75,65,,48,3,2013,30
75,65,,49,3,2013,30
59,65,,38,3,2013,30
75,65,,50,3,2013,30
75,65,,51,3,2013,30
75,65,,52,3,2013,30
75,65,,53,3,2013,30
59,65,,39,3,2013,30
59,65,,40,3,2013,30
59,65,,41,3,2013,30
59,65,,42,3,2013,30
59,65,,43,3,2013,30
59,65,,44,3,2013,30
59,65,,45,3,2013,30
75,65,,54,3,2013,30
75,65,,55,3,2013,30
75,65,,56,3,2013,30
67,65,,,3,2013,30
75,65,,58,3,2013,30
77,65,,59,3,2013,30
76,65,,61,3,2013,30
76,65,,60,3,2013,30
59,65,,31,3,2013,30
59,65,,32,4,2013,40
59,65,,33,4,2013,40
74,65,,62,4,2013,40
75,65,,46,4,2013,40
75,65,,47,4,2013,40
59,65,,34,4,2013,40
59,65,,35,4,2013,40
59,65,,36,4,2013,40
59,65,,37,4,2013,40
75,65,,48,4,2013,40
75,65,,49,4,2013,40
59,65,,38,4,2013,40
75,65,,50,4,2013,40
75,65,,51,4,2013,40
75,65,,52,4,2013,40
75,65,,53,4,2013,40
59,65,,39,4,2013,40
59,65,,40,4,2013,40
59,65,,41,4,2013,40
59,65,,42,4,2013,40
59,65,,43,4,2013,40
59,65,,44,4,2013,40
59,65,,45,4,2013,40
75,65,,54,4,2013,40
75,65,,55,4,2013,40
75,65,,56,4,2013,40
67,65,,,4,2013,40
75,65,,58,4,2013,40
77,65,,59,4,2013,40
76,65,,61,4,2013,40
76,65,,60,4,2013,40
59,65,,31,4,2013,40
59,65,,32,5,2013,50
59,65,,33,5,2013,50
74,65,,62,5,2013,50
75,65,,46,5,2013,50
75,65,,47,5,2013,50
59,65,,34,5,2013,50
59,65,,35,5,2013,50
59,65,,36,5,2013,50
59,65,,37,5,2013,50
75,65,,48,5,2013,50
75,65,,49,5,2013,50
59,65,,38,5,2013,50
75,65,,50,5,2013,50
75,65,,51,5,2013,50
75,65,,52,5,2013,50
75,65,,53,5,2013,50
59,65,,39,5,2013,50
59,65,,40,5,2013,50
59,65,,41,5,2013,50
59,65,,42,5,2013,50
59,65,,43,5,2013,50
59,65,,44,5,2013,50
59,65,,45,5,2013,50
75,65,,54,5,2013,50
75,65,,55,5,2013,50
75,65,,56,5,2013,50
67,65,,,5,2013,50
75,65,,58,5,2013,50
77,65,,59,5,2013,50
76,65,,61,5,2013,50
76,65,,60,5,2013,50
59,65,,31,5,2013,50
59,65,,32,6,2013,60
59,65,,33,6,2013,60
74,65,,62,6,2013,60
75,65,,46,6,2013,60
75,65,,47,6,2013,60
59,65,,34,6,2013,60
59,65,,35,6,2013,60
59,65,,36,6,2013,60
59,65,,37,6,2013,60
75,65,,48,6,2013,60
75,65,,49,6,2013,60
59,65,,38,6,2013,60
75,65,,50,6,2013,60
75,65,,51,6,2013,60
75,65,,52,6,2013,60
75,65,,53,6,2013,60
59,65,,39,6,2013,60
59,65,,40,6,2013,60
59,65,,41,6,2013,60
59,65,,42,6,2013,60
59,65,,43,6,2013,60
59,65,,44,6,2013,60
59,65,,45,6,2013,60
75,65,,54,6,2013,60
75,65,,55,6,2013,60
75,65,,56,6,2013,60
67,65,,,6,2013,60
75,65,,58,6,2013,60
77,65,,59,6,2013,60
76,65,,61,6,2013,60
76,65,,60,6,2013,60
59,65,,31,6,2013,60
59,65,,32,7,2013,70
59,65,,33,7,2013,70
74,65,,62,7,2013,70
75,65,,46,7,2013,70
75,65,,47,7,2013,70
59,65,,34,7,2013,70
59,65,,35,7,2013,70
59,65,,36,7,2013,70
59,65,,37,7,2013,70
75,65,,48,7,2013,70
75,65,,49,7,2013,70
59,65,,38,7,2013,70
75,65,,50,7,2013,70
75,65,,51,7,2013,70
75,65,,52,7,2013,70
75,65,,53,7,2013,70
59,65,,39,7,2013,70
59,65,,40,7,2013,70
59,65,,41,7,2013,70
59,65,,42,7,2013,70
59,65,,43,7,2013,70
59,65,,44,7,2013,70
59,65,,45,7,2013,70
75,65,,54,7,2013,70
75,65,,55,7,2013,70
75,65,,56,7,2013,70
67,65,,,7,2013,70
75,65,,58,7,2013,70
77,65,,59,7,2013,70
76,65,,61,7,2013,70
76,65,,60,7,2013,70
59,65,,31,7,2013,70
59,65,,32,8,2013,80
59,65,,33,8,2013,80
74,65,,62,8,2013,80
75,65,,46,8,2013,80
75,65,,47,8,2013,80
59,65,,34,8,2013,80
59,65,,35,8,2013,80
59,65,,36,8,2013,80
59,65,,37,8,2013,80
75,65,,48,8,2013,80
75,65,,49,8,2013,80
59,65,,38,8,2013,80
75,65,,50,8,2013,80
75,65,,51,8,2013,80
75,65,,52,8,2013,80
75,65,,53,8,2013,80
59,65,,39,8,2013,80
59,65,,40,8,2013,80
59,65,,41,8,2013,80
59,65,,42,8,2013,80
59,65,,43,8,2013,80
59,65,,44,8,2013,80
59,65,,45,8,2013,80
75,65,,54,8,2013,80
75,65,,55,8,2013,80
75,65,,56,8,2013,80
67,65,,,8,2013,80
75,65,,58,8,2013,80
77,65,,59,8,2013,80
76,65,,61,8,2013,80
76,65,,60,8,2013,80
59,65,,31,8,2013,80
59,65,,32,9,2013,90
59,65,,33,9,2013,90
74,65,,62,9,2013,90
75,65,,46,9,2013,90
75,65,,47,9,2013,90
59,65,,34,9,2013,90
59,65,,35,9,2013,90
59,65,,36,9,2013,90
59,65,,37,9,2013,90
75,65,,48,9,2013,90
75,65,,49,9,2013,90
59,65,,38,9,2013,90
75,65,,50,9,2013,90
75,65,,51,9,2013,90
75,65,,52,9,2013,90
75,65,,53,9,2013,90
59,65,,39,9,2013,90
59,65,,40,9,2013,90
59,65,,41,9,2013,90
59,65,,42,9,2013,90
59,65,,43,9,2013,90
59,65,,44,9,2013,90
59,65,,45,9,2013,90
75,65,,54,9,2013,90
75,65,,55,9,2013,90
75,65,,56,9,2013,90
67,65,,,9,2013,90
75,65,,58,9,2013,90
77,65,,59,9,2013,90
76,65,,61,9,2013,90
76,65,,60,9,2013,90
59,65,,31,9,2013,90
59,65,,32,10,2013,100
59,65,,33,10,2013,100
74,65,,62,10,2013,100
75,65,,46,10,2013,100
75,65,,47,10,2013,100
59,65,,34,10,2013,100
59,65,,35,10,2013,100
59,65,,36,10,2013,100
59,65,,37,10,2013,100
75,65,,48,10,2013,100
75,65,,49,10,2013,100
59,65,,38,10,2013,100
75,65,,50,10,2013,100
75,65,,51,10,2013,100
75,65,,52,10,2013,100
75,65,,53,10,2013,100
59,65,,39,10,2013,100
59,65,,40,10,2013,100
59,65,,41,10,2013,100
59,65,,42,10,2013,100
59,65,,43,10,2013,100
59,65,,44,10,2013,100
59,65,,45,10,2013,100
75,65,,54,10,2013,100
75,65,,55,10,2013,100
75,65,,56,10,2013,100
67,65,,,10,2013,100
75,65,,58,10,2013,100
77,65,,59,10,2013,100
76,65,,61,10,2013,100
76,65,,60,10,2013,100
59,65,,31,10,2013,100
59,65,,32,11,2013,1000
59,65,,33,11,2013,1000
74,65,,62,11,2013,1000
75,65,,46,11,2013,1000
75,65,,47,11,2013,1000
59,65,,34,11,2013,1000
59,65,,35,11,2013,1000
59,65,,36,11,2013,1000
59,65,,37,11,2013,1000
75,65,,48,11,2013,1000
75,65,,49,11,2013,1000
59,65,,38,11,2013,1000
75,65,,50,11,2013,1000
75,65,,51,11,2013,1000
75,65,,52,11,2013,1000
75,65,,53,11,2013,1000
59,65,,39,11,2013,1000
59,65,,40,11,2013,1000
59,65,,41,11,2013,1000
59,65,,42,11,2013,1000
59,65,,43,11,2013,1000
59,65,,44,11,2013,1000
59,65,,45,11,2013,1000
75,65,,54,11,2013,1000
75,65,,55,11,2013,1000
75,65,,56,11,2013,1000
67,65,,,11,2013,1000
75,65,,58,11,2013,1000
77,65,,59,11,2013,1000
76,65,,61,11,2013,1000
76,65,,60,11,2013,1000
59,65,,31,11,2013,1000
59,65,,32,1,2030,10
59,65,,33,1,2030,10
74,65,,62,1,2030,10
75,65,,46,1,2030,10
75,65,,47,1,2030,10
59,65,,34,1,2030,10
59,65,,35,1,2030,10
59,65,,36,1,2030,10
59,65,,37,1,2030,10
75,65,,48,1,2030,10
75,65,,49,1,2030,10
59,65,,38,1,2030,10
75,65,,50,1,2030,10
75,65,,51,1,2030,10
75,65,,52,1,2030,10
75,65,,53,1,2030,10
59,65,,39,1,2030,10
59,65,,40,1,2030,10
59,65,,41,1,2030,10
59,65,,42,1,2030,10
59,65,,43,1,2030,10
59,65,,44,1,2030,10
59,65,,45,1,2030,10
75,65,,54,1,2030,10
75,65,,55,1,2030,10
75,65,,56,1,2030,10
67,65,,,1,2030,10
75,65,,58,1,2030,10
77,65,,59,1,2030,10
76,65,,61,1,2030,10
76,65,,60,1,2030,10
59,65,,31,1,2030,10
59,65,,32,2,2030,20
59,65,,33,2,2030,20
74,65,,62,2,2030,20
75,65,,46,2,2030,20
75,65,,47,2,2030,20
59,65,,34,2,2030,20
59,65,,35,2,2030,20
59,65,,36,2,2030,20
59,65,,37,2,2030,20
75,65,,48,2,2030,20
75,65,,49,2,2030,20
59,65,,38,2,2030,20
75,65,,50,2,2030,20
75,65,,51,2,2030,20
75,65,,52,2,2030,20
75,65,,53,2,2030,20
59,65,,39,2,2030,20
59,65,,40,2,2030,20
59,65,,41,2,2030,20
59,65,,42,2,2030,20
59,65,,43,2,2030,20
59,65,,44,2,2030,20
59,65,,45,2,2030,20
75,65,,54,2,2030,20
75,65,,55,2,2030,20
75,65,,56,2,2030,20
67,65,,,2,2030,20
75,65,,58,2,2030,20
77,65,,59,2,2030,20
76,65,,61,2,2030,20
76,65,,60,2,2030,20
59,65,,31,2,2030,20
59,65,,32,3,2030,30
59,65,,33,3,2030,30
74,65,,62,3,2030,30
75,65,,46,3,2030,30
75,65,,47,3,2030,30
59,65,,34,3,2030,30
59,65,,35,3,2030,30
59,65,,36,3,2030,30
59,65,,37,3,2030,30
75,65,,48,3,2030,30
75,65,,49,3,2030,30
59,65,,38,3,2030,30
75,65,,50,3,2030,30
75,65,,51,3,2030,30
75,65,,52,3,2030,30
75,65,,53,3,2030,30
59,65,,39,3,2030,30
59,65,,40,3,2030,30
59,65,,41,3,2030,30
59,65,,42,3,2030,30
59,65,,43,3,2030,30
59,65,,44,3,2030,30
59,65,,45,3,2030,30
75,65,,54,3,2030,30
75,65,,55,3,2030,30
75,65,,56,3,2030,30
67,65,,,3,2030,30
75,65,,58,3,2030,30
77,65,,59,3,2030,30
76,65,,61,3,2030,30
76,65,,60,3,2030,30
59,65,,31,3,2030,30
59,65,,32,4,2030,40
59,65,,33,4,2030,40
74,65,,62,4,2030,40
75,65,,46,4,2030,40
75,65,,47,4,2030,40
59,65,,34,4,2030,40
59,65,,35,4,2030,40
59,65,,36,4,2030,40
59,65,,37,4,2030,40
75,65,,48,4,2030,40
75,65,,49,4,2030,40
59,65,,38,4,2030,40
75,65,,50,4,2030,40
75,65,,51,4,2030,40
75,65,,52,4,2030,40
75,65,,53,4,2030,40
59,65,,39,4,2030,40
59,65,,40,4,2030,40
59,65,,41,4,2030,40
59,65,,42,4,2030,40
59,65,,43,4,2030,40
59,65,,44,4,2030,40
59,65,,45,4,2030,40
75,65,,54,4,2030,40
75,65,,55,4,2030,40
75,65,,56,4,2030,40
67,65,,,4,2030,40
75,65,,58,4,2030,40
77,65,,59,4,2030,40
76,65,,61,4,2030,40
76,65,,60,4,2030,40
59,65,,31,4,2030,40
59,65,,32,5,2030,50
59,65,,33,5,2030,50
74,65,,62,5,2030,50
75,65,,46,5,2030,50
75,65,,47,5,2030,50
59,65,,34,5,2030,50
59,65,,35,5,2030,50
59,65,,36,5,2030,50
59,65,,37,5,2030,50
75,65,,48,5,2030,50
75,65,,49,5,2030,50
59,65,,38,5,2030,50
75,65,,50,5,2030,50
75,65,,51,5,2030,50
75,65,,52,5,2030,50
75,65,,53,5,2030,50
59,65,,39,5,2030,50
59,65,,40,5,2030,50
59,65,,41,5,2030,50
59,65,,42,5,2030,50
59,65,,43,5,2030,50
59,65,,44,5,2030,50
59,65,,45,5,2030,50
75,65,,54,5,2030,50
75,65,,55,5,2030,50
75,65,,56,5,2030,50
67,65,,,5,2030,50
75,65,,58,5,2030,50
77,65,,59,5,2030,50
76,65,,61,5,2030,50
76,65,,60,5,2030,50
59,65,,31,5,2030,50
59,65,,32,6,2030,60
59,65,,33,6,2030,60
74,65,,62,6,2030,60
75,65,,46,6,2030,60
75,65,,47,6,2030,60
59,65,,34,6,2030,60
59,65,,35,6,2030,60
59,65,,36,6,2030,60
59,65,,37,6,2030,60
75,65,,48,6,2030,60
75,65,,49,6,2030,60
59,65,,38,6,2030,60
75,65,,50,6,2030,60
75,65,,51,6,2030,60
75,65,,52,6,2030,60
75,65,,53,6,2030,60
59,65,,39,6,2030,60
59,65,,40,6,2030,60
59,65,,41,6,2030,60
59,65,,42,6,2030,60
59,65,,43,6,2030,60
59,65,,44,6,2030,60
59,65,,45,6,2030,60
75,65,,54,6,2030,60
75,65,,55,6,2030,60
75,65,,56,6,2030,60
67,65,,,6,2030,60
75,65,,58,6,2030,60
77,65,,59,6,2030,60
76,65,,61,6,2030,60
76,65,,60,6,2030,60
59,65,,31,6,2030,60
59,65,,32,7,2030,70
59,65,,33,7,2030,70
74,65,,62,7,2030,70
75,65,,46,7,2030,70
75,65,,47,7,2030,70
59,65,,34,7,2030,70
59,65,,35,7,2030,70
59,65,,36,7,2030,70
59,65,,37,7,2030,70
75,65,,48,7,2030,70
75,65,,49,7,2030,70
59,65,,38,7,2030,70
75,65,,50,7,2030,70
75,65,,51,7,2030,70
75,65,,52,7,2030,70
75,65,,53,7,2030,70
59,65,,39,7,2030,70
59,65,,40,7,2030,70
59,65,,41,7,2030,70
59,65,,42,7,2030,70
59,65,,43,7,2030,70
59,65,,44,7,2030,70
59,65,,45,7,2030,70
75,65,,54,7,2030,70
75,65,,55,7,2030,70
75,65,,56,7,2030,70
67,65,,,7,2030,70
75,65,,58,7,2030,70
77,65,,59,7,2030,70
76,65,,61,7,2030,70
76,65,,60,7,2030,70
59,65,,31,7,2030,70
59,65,,32,8,2030,80
59,65,,33,8,2030,80
74,65,,62,8,2030,80
75,65,,46,8,2030,80
75,65,,47,8,2030,80
59,65,,34,8,2030,80
59,65,,35,8,2030,80
59,65,,36,8,2030,80
59,65,,37,8,2030,80
75,65,,48,8,2030,80
75,65,,49,8,2030,80
59,65,,38,8,2030,80
75,65,,50,8,2030,80
75,65,,51,8,2030,80
75,65,,52,8,2030,80
75,65,,53,8,2030,80
59,65,,39,8,2030,80
59,65,,40,8,2030,80
59,65,,41,8,2030,80
59,65,,42,8,2030,80
59,65,,43,8,2030,80
59,65,,44,8,2030,80
59,65,,45,8,2030,80
75,65,,54,8,2030,80
75,65,,55,8,2030,80
75,65,,56,8,2030,80
67,65,,,8,2030,80
75,65,,58,8,2030,80
77,65,,59,8,2030,80
76,65,,61,8,2030,80
76,65,,60,8,2030,80
59,65,,31,8,2030,80
59,65,,32,9,2030,90
59,65,,33,9,2030,90
74,65,,62,9,2030,90
75,65,,46,9,2030,90
75,65,,47,9,2030,90
59,65,,34,9,2030,90
59,65,,35,9,2030,90
59,65,,36,9,2030,90
59,65,,37,9,2030,90
75,65,,48,9,2030,90
75,65,,49,9,2030,90
59,65,,38,9,2030,90
75,65,,50,9,2030,90
75,65,,51,9,2030,90
75,65,,52,9,2030,90
75,65,,53,9,2030,90
59,65,,39,9,2030,90
59,65,,40,9,2030,90
59,65,,41,9,2030,90
59,65,,42,9,2030,90
59,65,,43,9,2030,90
59,65,,44,9,2030,90
59,65,,45,9,2030,90
75,65,,54,9,2030,90
75,65,,55,9,2030,90
75,65,,56,9,2030,90
67,65,,,9,2030,90
75,65,,58,9,2030,90
77,65,,59,9,2030,90
76,65,,61,9,2030,90
76,65,,60,9,2030,90
59,65,,31,9,2030,90
59,65,,32,10,2030,100
59,65,,33,10,2030,100
74,65,,62,10,2030,100
75,65,,46,10,2030,100
75,65,,47,10,2030,100
59,65,,34,10,2030,100
59,65,,35,10,2030,100
59,65,,36,10,2030,100
59,65,,37,10,2030,100
75,65,,48,10,2030,100
75,65,,49,10,2030,100
59,65,,38,10,2030,100
75,65,,50,10,2030,100
75,65,,51,10,2030,100
75,65,,52,10,2030,100
75,65,,53,10,2030,100
59,65,,39,10,2030,100
59,65,,40,10,2030,100
59,65,,41,10,2030,100
59,65,,42,10,2030,100
59,65,,43,10,2030,100
59,65,,44,10,2030,100
59,65,,45,10,2030,100
75,65,,54,10,2030,100
75,65,,55,10,2030,100
75,65,,56,10,2030,100
67,65,,,10,2030,100
75,65,,58,10,2030,100
77,65,,59,10,2030,100
76,65,,61,10,2030,100
76,65,,60,10,2030,100
59,65,,31,10,2030,100
59,65,,32,11,2030,1000
59,65,,33,11,2030,1000
74,65,,62,11,2030,1000
75,65,,46,11,2030,1000
75,65,,47,11,2030,1000
59,65,,34,11,2030,1000
59,65,,35,11,2030,1000
59,65,,36,11,2030,1000
59,65,,37,11,2030,1000
75,65,,48,11,2030,1000
75,65,,49,11,2030,1000
59,65,,38,11,2030,1000
75,65,,50,11,2030,1000
75,65,,51,11,2030,1000
75,65,,52,11,2030,1000
75,65,,53,11,2030,1000
59,65,,39,11,2030,1000
59,65,,40,11,2030,1000
59,65,,41,11,2030,1000
59,65,,42,11,2030,1000
59,65,,43,11,2030,1000
59,65,,44,11,2030,1000
59,65,,45,11,2030,1000
75,65,,54,11,2030,1000
75,65,,55,11,2030,1000
75,65,,56,11,2030,1000
67,65,,,11,2030,1000
75,65,,58,11,2030,1000
77,65,,59,11,2030,1000
76,65,,61,11,2030,1000
76,65,,60,11,2030,1000
59,65,,31,11,2030,1000
56,65,,,,2012,2.01
56,65,,,,2013,1.84
56,65,,,,2014,1.72
56,65,,,,2015,1.68
56,65,,,,2016,1.74
56,65,,,,2017,1.8
56,65,,,,2018,1.83
56,65,,,,2019,1.85
56,65,,,,2020,1.88
56,65,,,,2021,1.9
56,65,,,,2022,1.93
56,65,,,,2023,1.96
56,65,,,,2024,1.98
56,65,,,,2025,2.02
56,65,,,,2026,2.05
56,65,,,,2027,2.08
56,65,,,,2028,2.11
56,65,,,,2029,2.15
56,65,,,,2030,2.18
56,65,,,,2031,2.2
56,65,,,,2032,2.24
56,65,,,,2033,2.27
56,65,,,,2034,2.29
56,65,,,,2035,2.32
56,65,,,,2036,2.35
56,65,,,,2037,2.38
56,65,,,,2038,2.39
56,65,,,,2039,2.41
56,65,,,,2040,2.44
60,65,,,1,2012,2.79
60,65,,,1,2013,3.73
60,65,,,1,2014,4.37
60,65,,,1,2015,3.69
60,65,,,1,2016,3.7
60,65,,,1,2017,3.8
60,65,,,1,2018,4.21
60,65,,,1,2019,4.55
60,65,,,1,2020,4.88
60,65,,,1,2021,5.02
60,65,,,1,2022,5.09
60,65,,,1,2023,5.25
60,65,,,1,2024,5.35
60,65,,,1,2025,5.46
60,65,,,1,2026,5.67
60,65,,,1,2027,5.67
60,65,,,1,2028,5.67
60,65,,,1,2029,5.71
60,65,,,1,2030,5.69
60,65,,,1,2031,5.91
60,65,,,1,2032,6.09
60,65,,,1,2033,6.27
60,65,,,1,2034,6.45
60,65,,,1,2035,6.6
60,65,,,1,2036,6.76
60,65,,,1,2037,6.84
60,65,,,1,2038,7.02
60,65,,,1,2039,7.38
60,65,,,1,2040,7.85
94,65,,,,2012,2.79
94,65,,,,2013,3.73
94,65,,,,2014,4.37
94,65,,,,2015,3.69
94,65,,,,2016,3.7
94,65,,,,2017,3.8
94,65,,,,2018,4.21
94,65,,,,2019,4.55
94,65,,,,2020,4.88
94,65,,,,2021,5.02
94,65,,,,2022,5.09
94,65,,,,2023,5.25
94,65,,,,2024,5.35
94,65,,,,2025,5.46
94,65,,,,2026,5.67
94,65,,,,2027,5.67
94,65,,,,2028,5.67
94,65,,,,2029,5.71
94,65,,,,2030,5.69
94,65,,,,2031,5.91
94,65,,,,2032,6.09
94,65,,,,2033,6.27
94,65,,,,2034,6.45
94,65,,,,2035,6.6
94,65,,,,2036,6.76
94,65,,,,2037,6.84
94,65,,,,2038,7.02
94,65,,,,2039,7.38
94,65,,,,2040,7.85
,,,,,,
,,,,,,
,,,,,,
,,,,,,
,,,,,,
,,,,,,
,,,,,,
,,,,,,
,,,,,,
,,,,,,
,,,,,,
,,,,,,
,,,,,,
,,,,,,
,,,,,,
,,,,,,
,,,,,,
,,,,,,
,,,,,,
,,,,,,
,,,,,,
,,,,,,
,,,,,,
,,,,,,
,,,,,,
,,,,,,
,,,,,,
,,,,,,
,,,,,,
,,,,,,
,,,,,,
,,,,,,
,,,,,,
,,,,,,
,,,,,,
,,,,,,
,,,,,,
,,,,,,
,,,,,,
,,,,,,
,,,,,,
,,,,,,
,,,,,,
,,,,,,
,,,,,,
,,,,,,
,,,,,,
,,,,,,
,,,,,,
,,,,,,
,,,,,,
,,,,,,
,,,,,,
,,,,,,
,,,,,,
,,,,,,
,,,,,,
,,,,,,
,,,,,,
,,,,,,
,,,,,,
,,,,,,
,,,,,,
,,,,,,
,,,,,,
,,,,,,
,,,,,,
,,,,,,
,,,,,,
,,,,,,
,,,,,,
,,,,,,
,,,,,,
,,,,,,
,,,,,,
,,,,,,
,,,,,,
,,,,,,
,,,,,,
,,,,,,
,,,,,,
,,,,,,
,,,,,,
,,,,,,
,,,,,,
,,,,,,
,,,,,,
,,,,,,
,,,,,,
,,,,,,
,,,,,,
,,,,,,
,,,,,,
,,,,,,
,,,,,,
,,,,,,
,,,,,,
,,,,,,
,,,,,,
,,,,,,
,,,,,,
,,,,,,
,,,,,,
,,,,,,
,,,,,,
,,,,,,
,,,,,,
,,,,,,
,,,,,,
,,,,,,
,,,,,,
,,,,,,
,,,,,,
,,,,,,
,,,,,,
,,,,,,
,,,,,,
,,,,,,
,,,,,,
,,,,,,
,,,,,,
,,,,,,
,,,,,,
,,,,,,
,,,,,,
,,,,,,
,,,,,,
,,,,,,
,,,,,,
,,,,,,
,,,,,,
,,,,,,
,,,,,,
,,,,,,
,,,,,,
,,,,,,
,,,,,,
,,,,,,
,,,,,,
,,,,,,
,,,,,,
,,,,,,
,,,,,,
,,,,,,
,,,,,,
,,,,,,
,,,,,,
,,,,,,
,,,,,,
,,,,,,
,,,,,,
,,,,,,
,,,,,,
,,,,,,
,,,,,,
,,,,,,
,,,,,,
,,,,,,
,,,,,,
,,,,,,
,,,,,,
,,,,,,
,,,,,,
,,,,,,
,,,,,,
,,,,,,
,,,,,,
,,,,,,
,,,,,,
,,,,,,
,,,,,,
,,,,,,
,,,,,,
,,,,,,
,,,,,,
,,,,,,
,,,,,,
,,,,,,
,,,,,,
,,,,,,
,,,,,,
,,,,,,
,,,,,,
,,,,,,
,,,,,,
,,,,,,
,,,,,,
,,,,,,
,,,,,,
,,,,,,
,,,,,,
,,,,,,
,,,,,,
,,,,,,
,,,,,,
,,,,,,
,,,,,,
,,,,,,
,,,,,,
,,,,,,
,,,,,,
,,,,,,
,,,,,,
,,,,,,
,,,,,,
,,,,,,
,,,,,,
,,,,,,
,,,,,,
,,,,,,
,,,,,,
,,,,,,
,,,,,,
,,,,,,
,,,,,,
,,,,,,
,,,,,,
,,,,,,
,,,,,,
,,,,,,
,,,,,,
,,,,,,
,,,,,,
,,,,,,
,,,,,,
,,,,,,
,,,,,,
,,,,,,
,,,,,,
,,,,,,
,,,,,,
,,,,,,
,,,,,,
,,,,,,
,,,,,,
,,,,,,
,,,,,,
,,,,,,
,,,,,,
,,,,,,
,,,,,,
,,,,,,
,,,,,,
,,,,,,
,,,,,,
,,,,,,
,,,,,,
,,,,,,
,,,,,,
,,,,,,
,,,,,,
,,,,,,
,,,,,,
,,,,,,
,,,,,,
,,,,,,
,,,,,,
,,,,,,
,,,,,,
,,,,,,
,,,,,,
,,,,,,
,,,,,,
,,,,,,
,,,,,,
,,,,,,
,,,,,,
,,,,,,
,,,,,,
,,,,,,
,,,,,,
,,,,,,
,,,,,,
,,,,,,
,,,,,,
,,,,,,
,,,,,,
,,,,,,
,,,,,,
,,,,,,
,,,,,,
,,,,,,
,,,,,,
,,,,,,
,,,,,,
,,,,,,
,,,,,,
,,,,,,
,,,,,,
,,,,,,
,,,,,,
,,,,,,
,,,,,,
,,,,,,
,,,,,,
,,,,,,
,,,,,,
,,,,,,
,,,,,,
,,,,,,
,,,,,,
,,,,,,
,,,,,,
,,,,,,
,,,,,,
,,,,,,
,,,,,,
,,,,,,
,,,,,,
,,,,,,
,,,,,,
,,,,,,
,,,,,,
,,,,,,
,,,,,,
,,,,,,
,,,,,,
,,,,,,
,,,,,,
,,,,,,
,,,,,,
,,,,,,
,,,,,,
,,,,,,
,,,,,,
,,,,,,
,,,,,,
,,,,,,
,,,,,,
,,,,,,
,,,,,,
,,,,,,
,,,,,,
,,,,,,
,,,,,,
,,,,,,
,,,,,,
,,,,,,
,,,,,,
,,,,,,
,,,,,,
,,,,,,
,,,,,,
,,,,,,
,,,,,,
,,,,,,
,,,,,,
,,,,,,
,,,,,,
,,,,,,
,,,,,,
,,,,,,
,,,,,,
,,,,,,
,,,,,,
,,,,,,
,,,,,,
,,,,,,
,,,,,,
,,,,,,
,,,,,,
,,,,,,
,,,,,,
,,,,,,
,,,,,,
,,,,,,
,,,,,,
,,,,,,
,,,,,,
,,,,,,
,,,,,,
,,,,,,
,,,,,,
,,,,,,
,,,,,,
,,,,,,
,,,,,,
,,,,,,
,,,,,,
,,,,,,
,,,,,,
,,,,,,
,,,,,,
,,,,,,
,,,,,,
,,,,,,
,,,,,,
,,,,,,
,,,,,,
,,,,,,
,,,,,,
,,,,,,
,,,,,,
,,,,,,
,,,,,,
,,,,,,
,,,,,,
,,,,,,
,,,,,,
,,,,,,
,,,,,,
,,,,,,
,,,,,,
,,,,,,
,,,,,,
,,,,,,
,,,,,,
,,,,,,
,,,,,,
,,,,,,
,,,,,,
,,,,,,
,,,,,,
,,,,,,
,,,,,,
,,,,,,
,,,,,,
,,,,,,
,,,,,,
,,,,,,
,,,,,,
,,,,,,
,,,,,,
,,,,,,
,,,,,,
,,,,,,
,,,,,,
,,,,,,
,,,,,,
,,,,,,
,,,,,,
,,,,,,
,,,,,,
,,,,,,
,,,,,,
,,,,,,
,,,,,,
,,,,,,
,,,,,,
,,,,,,
,,,,,,
,,,,,,
,,,,,,
,,,,,,
,,,,,,
,,,,,,
,,,,,,
,,,,,,
,,,,,,
,,,,,,
,,,,,,
,,,,,,
,,,,,,
,,,,,,
,,,,,,
,,,,,,
,,,,,,
,,,,,,
,,,,,,
,,,,,,
,,,,,,
,,,,,,
,,,,,,
,,,,,,
,,,,,,
,,,,,,
,,,,,,
,,,,,,
,,,,,,
,,,,,,
,,,,,,
,,,,,,
,,,,,,
,,,,,,
,,,,,,
,,,,,,
,,,,,,
,,,,,,
,,,,,,
,,,,,,
,,,,,,
,,,,,,
,,,,,,
,,,,,,
,,,,,,
,,,,,,
,,,,,,
,,,,,,
,,,,,,
,,,,,,
,,,,,,
,,,,,,
,,,,,,
,,,,,,
,,,,,,
,,,,,,
,,,,,,
,,,,,,
,,,,,,
,,,,,,
,,,,,,
,,,,,,
,,,,,,
,,,,,,
,,,,,,
,,,,,,
,,,,,,
,,,,,,
,,,,,,
,,,,,,
,,,,,,
,,,,,,
,,,,,,
,,,,,,
,,,,,,
,,,,,,
,,,,,,
,,,,,,
,,,,,,
,,,,,,
,,,,,,
,,,,,,
,,,,,,
,,,,,,
,,,,,,
,,,,,,
,,,,,,
,,,,,,
,,,,,,
,,,,,,
,,,,,,
,,,,,,
,,,,,,
,,,,,,
,,,,,,
,,,,,,
,,,,,,
,,,,,,
,,,,,,
,,,,,,
,,,,,,
,,,,,,
,,,,,,
,,,,,,
,,,,,,
,,,,,,
,,,,,,
,,,,,,
,,,,,,
,,,,,,
,,,,,,
,,,,,,
,,,,,,
,,,,,,
,,,,,,
,,,,,,
,,,,,,
,,,,,,
,,,,,,
,,,,,,
,,,,,,
,,,,,,
,,,,,,
,,,,,,
,,,,,,
,,,,,,
,,,,,,
,,,,,,
,,,,,,
,,,,,,
,,,,,,
,,,,,,
,,,,,,
,,,,,,
,,,,,,
,,,,,,
,,,,,,
,,,,,,
,,,,,,
,,,,,,
,,,,,,
,,,,,,
,,,,,,
,,,,,,
,,,,,,
,,,,,,
,,,,,,
,,,,,,
,,,,,,
,,,,,,
,,,,,,
,,,,,,
,,,,,,
,,,,,,
,,,,,,
,,,,,,
,,,,,,
,,,,,,
,,,,,,
,,,,,,
,,,,,,
,,,,,,
,,,,,,
,,,,,,
,,,,,,
,,,,,,
,,,,,,
,,,,,,
,,,,,,
,,,,,,
,,,,,,
,,,,,,
,,,,,,
,,,,,,
,,,,,,
,,,,,,
,,,,,,
,,,,,,
,,,,,,
,,,,,,
,,,,,,
,,,,,,
,,,,,,
,,,,,,
,,,,,,
,,,,,,
,,,,,,
,,,,,,
,,,,,,
,,,,,,
,,,,,,
,,,,,,
,,,,,,
,,,,,,
,,,,,,
,,,,,,
,,,,,,
,,,,,,
,,,,,,
,,,,,,
,,,,,,
,,,,,,
,,,,,,
,,,,,,
,,,,,,
,,,,,,
,,,,,,
,,,,,,
,,,,,,
,,,,,,
,,,,,,
,,,,,,
,,,,,,
,,,,,,
,,,,,,
,,,,,,
,,,,,,
,,,,,,
,,,,,,
,,,,,,
,,,,,,
,,,,,,
,,,,,,
,,,,,,
,,,,,,
,,,,,,
,,,,,,
,,,,,,
,,,,,,
,,,,,,
,,,,,,
,,,,,,
,,,,,,
,,,,,,
,,,,,,
,,,,,,
,,,,,,
,,,,,,
,,,,,,
,,,,,,
,,,,,,
,,,,,,
,,,,,,
,,,,,,
,,,,,,
,,,,,,
,,,,,,
,,,,,,
,,,,,,
,,,,,,
,,,,,,
,,,,,,
,,,,,,
,,,,,,
,,,,,,
,,,,,,
,,,,,,
,,,,,,
,,,,,,
,,,,,,
,,,,,,
,,,,,,
,,,,,,
,,,,,,
,,,,,,
,,,,,,
,,,,,,
,,,,,,
,,,,,,
,,,,,,
,,,,,,
,,,,,,
,,,,,,
,,,,,,
,,,,,,
,,,,,,
,,,,,,
,,,,,,
,,,,,,
,,,,,,
,,,,,,
,,,,,,
,,,,,,
,,,,,,
,,,,,,
,,,,,,
,,,,,,
,,,,,,
,,,,,,
,,,,,,
,,,,,,
,,,,,,
,,,,,,
,,,,,,
,,,,,,
,,,,,,
,,,,,,
,,,,,,
,,,,,,
,,,,,,
,,,,,,
,,,,,,
,,,,,,
,,,,,,
,,,,,,
,,,,,,
,,,,,,
,,,,,,
,,,,,,
,,,,,,
,,,,,,
,,,,,,
,,,,,,
,,,,,,
,,,,,,
,,,,,,
,,,,,,
,,,,,,
,,,,,,
,,,,,,
,,,,,,
,,,,,,
,,,,,,
,,,,,,
,,,,,,
,,,,,,
,,,,,,
,,,,,,
,,,,,,
,,,,,,
,,,,,,
,,,,,,
,,,,,,
,,,,,,
,,,,,,
,,,,,,
,,,,,,
,,,,,,
,,,,,,
,,,,,,
,,,,,,
,,,,,,
,,,,,,
,,,,,,
,,,,,,
,,,,,,
,,,,,,
,,,,,,
,,,,,,
,,,,,,
,,,,,,
,,,,,,
,,,,,,
,,,,,,
,,,,,,
,,,,,,
,,,,,,
,,,,,,
,,,,,,
,,,,,,
,,,,,,
,,,,,,
,,,,,,
,,,,,,
,,,,,,
,,,,,,
,,,,,,
,,,,,,
,,,,,,
,,,,,,
,,,,,,
,,,,,,
,,,,,,
,,,,,,
,,,,,,
,,,,,,
,,,,,,
,,,,,,
,,,,,,
,,,,,,
,,,,,,
,,,,,,
,,,,,,
,,,,,,
,,,,,,
,,,,,,
,,,,,,
,,,,,,
,,,,,,
,,,,,,
,,,,,,
,,,,,,
,,,,,,
,,,,,,
,,,,,,
,,,,,,
,,,,,,
,,,,,,
,,,,,,
,,,,,,
,,,,,,
,,,,,,
,,,,,,
,,,,,,
,,,,,,
,,,,,,
,,,,,,
,,,,,,
,,,,,,
,,,,,,
,,,,,,
,,,,,,
,,,,,,
,,,,,,
,,,,,,
,,,,,,
,,,,,,
,,,,,,
,,,,,,
,,,,,,
,,,,,,
,,,,,,
,,,,,,
,,,,,,
,,,,,,
,,,,,,
,,,,,,
,,,,,,
,,,,,,
,,,,,,
,,,,,,
,,,,,,
,,,,,,
,,,,,,
,,,,,,
,,,,,,
,,,,,,
,,,,,,
,,,,,,
,,,,,,
,,,,,,
,,,,,,
,,,,,,
,,,,,,
,,,,,,
,,,,,,
,,,,,,
,,,,,,
,,,,,,
,,,,,,
,,,,,,
,,,,,,
,,,,,,
,,,,,,
,,,,,,
,,,,,,
,,,,,,
,,,,,,
,,,,,,
,,,,,,
,,,,,,
,,,,,,
,,,,,,
,,,,,,
,,,,,,
,,,,,,
,,,,,,
,,,,,,
,,,,,,
,,,,,,
,,,,,,
,,,,,,
,,,,,,
,,,,,,
,,,,,,
,,,,,,
,,,,,,
,,,,,,
,,,,,,
,,,,,,
,,,,,,
,,,,,,
,,,,,,
,,,,,,
,,,,,,
,,,,,,
,,,,,,
,,,,,,
,,,,,,
,,,,,,
,,,,,,
,,,,,,
,,,,,,
,,,,,,
,,,,,,
,,,,,,
,,,,,,
,,,,,,
,,,,,,
,,,,,,
,,,,,,
,,,,,,
